0.7766950875252012
0.6165821550934
0.17173385913103645
0.28217065457186374
0.4834915484665875
0.4061439447033828
0.9087113967374695
0.42795217951280295
0.5125596977241385
0.6598980934591354
0.21877197919436298
0.14622482085609578
0.9547919645829563
0.3698665288945473
0.6423902923974134
0.09871519261768291
0.6049434466806767
0.29610837671881174
0.1852996441275947
0.6928109819291619
0.19455113631720156
0.6674604961059778
0.19207038579911562
0.4699003000618569
0.2763637110924223
0.9281917409321787
0.9134392134176874
0.26740772679864233
0.7910565308396835
0.2313995153304963
0.4529376452428763
0.3948457034636049
0.38897879732671614
0.8100965442439411
0.4863811790773992
0.32857811411300364
0.21511175530315363
0.17934161945830762
0.03685159572174501
0.7939163151093833
0.2679221857466455
0.36019724071057513
0.7204179364871609
0.4494769068179445
0.7361640458181196
0.16159341297759056
0.6594961830337329
0.02290992865573238
0.0006875778139707744
0.9464869813017593
0.02195864850752416
0.6664192883745518
0.20912079444576015
0.7744199026701147
0.2378015322127197
0.5759744877289854
0.9286458236413393
0.0840681107727067
0.9159886906621143
0.6489964067141993
0.40969602200158894
0.824729668903087
0.7795041755481714
0.21090843365340683
0.25990266012253427
0.8262402582734235
0.18853837457304756
0.931558964789675
0.5425157553007771
0.18159934707402048
0.997135034462173
0.8661133264588065
0.8695098791746508
0.4986148462764095
0.06938632674758427
0.11650373196365216
0.027714818306690425
0.793774605302129
0.08086167396706034
0.3335958160396053
0.4997793449143606
0.308781655484649
0.5196718521558721
0.7203065246523481
0.6246229916485395
0.08125982824025269
0.17210053270725878
0.11511949506892416
0.6963625261141689
0.08603854036151071
0.6339181906411909
0.3667062857839992
0.5967391435473819
0.09180752203712428
0.7681091197528014
0.5448819475599475
0.8425910208551715
0.43633611238931624
0.666183313868198
0.8432161943638062
0.42343263265580233
0.33251109403087686
0.8656542011934723
0.2529418236955917
0.5399123784609252
0.4365486249138948
0.9294075256612002
0.37041312561371775
0.49968846421898916
0.6855117465223798
0.7895950000688694
0.49893231698376805
0.12533911961539623
0.9328221643486392
0.3263070379915709
0.39652663926371745
0.9983405936604284
0.8064677958328453
0.27243583671088134
0.3885129959738529
0.23376804171958565
0.8222526138340727
0.20595942561265557
0.5612720278137825
0.6382619972298678
0.04464236376457387
0.08624558166601604
0.8947216417405939
0.20583128837629627
0.3871144573756107
0.8649159964570006
0.6621788247862166
0.05109884752323912
0.4113134593806107
0.2448614440399648
0.5213036051723784
0.03881489640758873
0.265966244758577
0.13113819044892083
0.08939592201949786
0.03645228704121972
0.8277357312111584
0.9458458684717308
0.09310099996169896
0.7374154567742662
0.16605313897670215
0.2786134047070504
0.08346130080092573
0.042396318170438985
0.3726167278695244
0.7958820970467732
0.3194421197484312
0.5171375462919151
0.2504193171172032
0.4151303152392817
0.06278219426770282
0.6888179878651776
0.810173920201474
0.1919134948244421
0.13219673211058824
0.909293868507765
0.06270844309237822
0.49026474906445383
0.3573757087701739
0.8279461116177622
0.9764873020333785
0.02704041915953681
0.46135813662639313
0.6872175780382451
0.7853696891698964
0.5597896446084482
0.47642559175817256
0.45307800565695955
0.27316794768684305
0.03865938544892389
0.5945647229719017
0.1142596359150726
0.660077614541192
0.8900739859707865
0.21368613485403154
0.4480150951370635
0.4022441788477097
0.33661574498617297
0.011595591235604386
0.41889458505368293
0.3767670017258521
0.7596362754703148
0.31798037370989896
0.43544066459820474
0.6797081056421163
0.4115615679505086
0.4046482329494441
0.2588624455547235
0.87393467532158
0.29993071607423893
0.9842659007044164
0.7919906149641668
0.5240717189126868
0.41717676031481155
0.19559344394031541